$ 1 0.000005 21.593987231061412 50 5 50 5e-11
w -6800 5712 -6576 5712 0
w -6800 5568 -6800 5520 0
w -6784 5680 -6784 5536 0
w -6800 5680 -6784 5680 0
w -7360 5632 -7360 5968 0
w -7344 5968 -7360 5968 0
w -7344 5776 -7344 5648 0
I -7008 5664 -7072 5664 0 0.5 5
w -6896 5648 -6896 5600 0
154 -6896 5664 -7008 5664 0 2 0 5
! Muller\sC 0 A,B Q Muller\sC 11\s?\q1\n00\s?\q0\n??\sQ\qQ\n
208 -6992 5568 -6944 5568 0 Muller\sC 0
208 -6896 5568 -6848 5568 0 Muller\sC 0
208 -6896 5680 -6848 5680 1024 Muller\sC 0
w -6896 5568 -6896 5536 0
w -6896 5536 -6784 5536 0
w -7072 5888 -7072 5808 0
w -7072 6080 -7072 6000 0
w -7168 6032 -7168 6016 0
w -7168 5792 -7184 5792 0
w -7168 5744 -7248 5744 0
w -7168 5744 -7168 5760 0
w -6976 5744 -7168 5744 0
154 -7168 5776 -7072 5776 0 2 0 5
154 -6976 5760 -6880 5760 0 2 0 5
! D\sLatch 0 D,E Q D\sLatch ?1\sQ\qQ\n00\s?\q0\n10\s?\q1\n??\sQ\qQ\n
208 -7072 5776 -7024 5776 0 D\sLatch 0
208 -7072 5968 -7024 5968 0 D\sLatch 0
154 -6976 5952 -6880 5952 0 2 0 5
154 -7168 5968 -7072 5968 0 2 0 5
w -6976 5936 -7168 5936 0
w -7168 5936 -7168 5952 0
w -7168 5936 -7248 5936 0
w -7168 5984 -7184 5984 0
w -7184 5792 -7184 5984 0
154 -7248 5776 -7344 5776 0 2 0 5
154 -7248 5968 -7344 5968 0 2 0 5
w -7248 5744 -7248 5760 0
w -7248 5792 -7248 5824 0
w -7248 5984 -7248 6016 0
w -7248 5952 -7248 5936 0
w -7168 6064 -7216 6064 0
w -7168 6016 -7248 6016 0
w -6976 6016 -7168 6016 0
154 -7168 6048 -7072 6048 0 2 0 5
154 -6976 6032 -6880 6032 0 2 0 5
208 -7072 6048 -7024 6048 0 D\sLatch 0
w -7168 5872 -7216 5872 0
w -7168 5824 -7248 5824 0
w -7168 5824 -7168 5840 0
w -6976 5824 -7168 5824 0
154 -7168 5856 -7072 5856 0 2 0 5
154 -6976 5840 -6880 5840 0 2 0 5
208 -7072 5856 -7024 5856 0 D\sLatch 0
w -7216 5872 -7216 6064 0
208 -7072 6240 -7024 6240 0 D\sLatch 0
154 -6976 6224 -6880 6224 0 2 0 5
154 -7168 6240 -7072 6240 0 2 0 5
w -6976 6208 -7168 6208 0
w -7168 6208 -7248 6208 0
w -7168 6256 -7216 6256 0
w -7248 6144 -7248 6128 0
w -7248 6176 -7248 6208 0
154 -7248 6160 -7344 6160 0 2 0 5
w -7168 6176 -7184 6176 0
w -7168 6128 -7248 6128 0
w -7168 6128 -7168 6144 0
w -6976 6128 -7168 6128 0
154 -7168 6160 -7072 6160 0 2 0 5
154 -6976 6144 -6880 6144 0 2 0 5
208 -7072 6160 -7024 6160 0 D\sLatch 0
w -7168 6224 -7168 6208 0
w -7072 6272 -7072 6192 0
w -7344 6160 -7376 6160 0
! 2_3 0 1,2,3 \sQ 2_3 000\q0\n001\q0\n010\q0\n100\q0\n011\q1\n101\q1\n110\q1\n111\q1\n
208 -6800 5760 -6752 5760 0 2_3 0
208 -6800 5872 -6752 5872 0 2_3 0
w -7216 6256 -7216 6064 0
w -7184 6176 -7184 5984 0
w -6880 5760 -6800 5760 0
w -6880 5952 -6864 5952 0
w -6864 5952 -6864 5792 0
w -6864 5792 -6800 5792 0
w -6880 6144 -6848 6144 0
w -6848 6144 -6848 5824 0
w -6848 5824 -6800 5824 0
w -6880 5840 -6832 5840 0
w -6832 5840 -6832 5872 0
w -6832 5872 -6800 5872 0
w -6800 5904 -6816 5904 0
w -6880 6032 -6816 6032 0
w -6816 5904 -6816 6032 0
w -6800 5936 -6800 6224 0
w -6880 6224 -6800 6224 0
208 -7088 5568 -7040 5568 0 Muller\sC 0
w -7376 6160 -7376 5568 0
w -7344 5648 -6992 5648 0
w -6992 5648 -6992 5600 0
w -7184 5792 -7184 5728 0
w -6688 5760 -6688 5728 0
w -6688 5728 -7184 5728 0
w -6704 5872 -6688 5872 0
w -6688 5872 -6688 6288 0
w -7216 6256 -7216 6288 0
w -7216 6288 -6688 6288 0
w -7072 6192 -7072 6080 0
w -7072 6000 -7072 5888 0
w -7072 5808 -7072 5664 0
154 -6688 5824 -6576 5824 0 2 0 5
w -6576 5824 -6576 5712 0
w -6704 5760 -6688 5760 0
w -6688 5808 -6688 5792 0
w -6688 5840 -6688 5856 0
w -6688 5856 -6688 5872 0
w -6688 5792 -6688 5760 0
w -7712 5744 -7440 5744 0
w -7712 5824 -7456 5824 0
w -7712 5936 -7488 5936 0
w -7712 6016 -7504 6016 0
w -7712 6128 -7536 6128 0
w -7712 6208 -7552 6208 0
w -7440 5744 -7248 5744 0
w -7440 5744 -7440 6560 0
w -7456 5824 -7248 5824 0
w -7456 5824 -7456 6640 0
w -7488 5936 -7248 5936 0
w -7488 5936 -7488 6752 0
w -7504 6016 -7248 6016 0
w -7504 6016 -7504 6832 0
w -7536 6128 -7248 6128 0
w -7536 6128 -7536 6944 0
w -7552 6208 -7248 6208 0
w -7552 6208 -7552 7024 0
w -5984 6608 -5984 6576 0
w -5984 6672 -5984 6704 0
w -5984 6656 -5984 6672 0
w -5984 6624 -5984 6608 0
w -6000 6576 -5984 6576 0
w -5872 6640 -5872 6528 0
154 -5984 6640 -5872 6640 0 2 0 5
w -6400 6816 -6400 6704 0
w -6400 7008 -6400 6896 0
w -6544 7104 -5984 7104 0
w -6544 7072 -6544 7104 0
w -5984 6704 -5984 7104 0
w -6000 6704 -5984 6704 0
w -5984 6544 -6512 6544 0
w -5984 6576 -5984 6544 0
w -6512 6608 -6512 6544 0
w -6208 7040 -6144 7040 0
w -6144 6768 -6144 7040 0
w -6160 6736 -6160 6848 0
w -6208 6848 -6160 6848 0
w -6096 6736 -6160 6736 0
w -6160 6704 -6096 6704 0
w -6160 6656 -6160 6704 0
w -6208 6656 -6160 6656 0
w -6176 6640 -6096 6640 0
w -6176 6960 -6176 6640 0
w -6208 6960 -6176 6960 0
w -6192 6608 -6096 6608 0
w -6192 6768 -6192 6608 0
w -6208 6768 -6192 6768 0
w -6208 6576 -6096 6576 0
w -6512 6992 -6512 6800 0
w -6544 7072 -6544 6880 0
! 3_5 0 1,2,3,45 \sQ 3_5 0000\q0\n0010\q0\n0100\q0\n1000\q0\n0110\q0\n1010\q0\n1100\q0\n1110\q1\n0001\q0\n0011\q1\n0101\q1\n1001\q1\n0111\q1\n1011\q1\n1101\q1\n1111\q1\n
208 -6096 6704 -6048 6704 0 3_5 0
208 -6096 6576 -6048 6576 0 3_5 0
w -6400 7088 -6400 7008 0
w -6496 7040 -6496 7024 0
208 -6400 6976 -6352 6976 0 D\sLatch 0
154 -6304 6960 -6208 6960 0 2 0 5
154 -6496 6976 -6400 6976 0 2 0 5
w -6304 6944 -6496 6944 0
w -6496 6944 -6496 6960 0
w -6496 6992 -6512 6992 0
w -6496 7072 -6544 7072 0
w -6304 7024 -6496 7024 0
154 -6496 7056 -6400 7056 0 2 0 5
154 -6304 7040 -6208 7040 0 2 0 5
208 -6400 7056 -6352 7056 0 D\sLatch 0
w -6544 6688 -6544 6880 0
208 -6400 6672 -6352 6672 0 D\sLatch 0
154 -6304 6656 -6208 6656 0 2 0 5
154 -6496 6672 -6400 6672 0 2 0 5
w -6304 6640 -6496 6640 0
w -6496 6640 -6496 6656 0
w -6496 6688 -6544 6688 0
208 -6400 6864 -6352 6864 0 D\sLatch 0
154 -6304 6848 -6208 6848 0 2 0 5
154 -6496 6864 -6400 6864 0 2 0 5
w -6304 6832 -6496 6832 0
w -6496 6880 -6544 6880 0
w -6512 6608 -6512 6800 0
w -6496 6800 -6512 6800 0
w -6496 6752 -6496 6768 0
w -6304 6752 -6496 6752 0
154 -6496 6784 -6400 6784 0 2 0 5
154 -6304 6768 -6208 6768 0 2 0 5
208 -6400 6784 -6352 6784 0 D\sLatch 0
208 -6400 6592 -6352 6592 0 D\sLatch 0
154 -6304 6576 -6208 6576 0 2 0 5
154 -6496 6592 -6400 6592 0 2 0 5
w -6304 6560 -6496 6560 0
w -6496 6560 -6496 6576 0
w -6496 6608 -6512 6608 0
w -5824 6608 -5984 6608 0
w -5824 6672 -5984 6672 0
w -6496 6848 -6496 6832 0
w -6400 6896 -6400 6816 0
w -6400 6704 -6400 6624 0
w -6096 6768 -6144 6768 0
w -6096 6800 -6128 6800 0
w -6096 6672 -6112 6672 0
w -6688 5856 -6544 5856 0
w -6688 5792 -6512 5792 0
w -5776 6672 -5824 6672 0
w -5776 6608 -5824 6608 0
w -6400 6624 -6400 6480 0
w -6256 6352 -6144 6352 0
w -6256 6384 -6256 6352 0
208 -6256 6496 -6208 6496 1024 Muller\sC 0
208 -6256 6384 -6208 6384 0 Muller\sC 0
154 -6256 6480 -6336 6480 0 2 0 5
w -6256 6464 -6256 6416 0
I -6336 6480 -6400 6480 0 0.5 5
w -5872 6528 -6160 6528 0
w -6896 5648 -6528 5648 0
w -6160 6496 -6144 6496 0
208 -7712 5520 -7664 5520 1024 Muller\sC 0
w -6800 5520 -7616 5520 0
w -7616 5552 -7616 6336 0
w -6144 6352 -6144 6496 0
w -6256 6464 -5824 6464 0
w -6160 6384 -6160 6336 0
w -6160 6336 -7616 6336 0
w -5824 6576 -5824 6464 0
w -6528 5648 -6528 5760 0
w -5776 5760 -6528 5760 0
w -6400 6128 -6400 6048 0
w -6496 6032 -6512 6032 0
w -6496 5984 -6496 6000 0
w -6304 5984 -6496 5984 0
154 -6496 6016 -6400 6016 0 2 0 5
154 -6304 6000 -6208 6000 0 2 0 5
208 -6400 6016 -6352 6016 0 D\sLatch 0
w -6496 6112 -6512 6112 0
w -6496 6064 -6496 6080 0
w -6304 6064 -6496 6064 0
154 -6496 6096 -6400 6096 0 2 0 5
154 -6304 6080 -6208 6080 0 2 0 5
208 -6400 6096 -6352 6096 0 D\sLatch 0
w -6544 6064 -6544 5856 0
w -6512 5984 -6512 5792 0
w -6400 6480 -6400 6128 0
w -6496 5984 -6512 5984 0
w -6496 6064 -6544 6064 0
w -6112 6672 -6112 6080 0
w -6128 6800 -6128 6000 0
w -6128 6000 -6208 6000 0
w -6208 6080 -6112 6080 0
w -6544 6688 -6544 6080 0
w -6512 6032 -6512 6080 0
w -6512 6080 -6544 6080 0
w -6512 6112 -6512 6544 0
w -5776 5856 -6544 5856 0
w -5776 5792 -6512 5792 0
w -7552 7024 -6576 7024 0
w -7536 6944 -6576 6944 0
w -7504 6832 -6576 6832 0
w -7488 6752 -6576 6752 0
w -7456 6640 -6576 6640 0
w -7440 6560 -6576 6560 0
w -6672 6976 -6800 6976 0
w -6496 6944 -6576 6944 0
154 -6576 6976 -6672 6976 0 2 0 5
w -6576 6992 -6576 7024 0
w -6576 6960 -6576 6944 0
w -6496 7024 -6576 7024 0
w -6496 6640 -6576 6640 0
w -6496 6832 -6576 6832 0
w -6576 6768 -6576 6752 0
w -6576 6800 -6576 6832 0
w -6576 6608 -6576 6640 0
w -6576 6560 -6576 6576 0
154 -6576 6784 -6672 6784 0 2 0 5
154 -6576 6592 -6672 6592 0 2 0 5
w -6496 6752 -6576 6752 0
w -6496 6560 -6576 6560 0
w -6672 6784 -6704 6784 0
208 -6800 6480 -6752 6480 1024 Muller\sC 0
w -6672 6592 -6672 6480 0
w -6672 6480 -6704 6480 0
w -6704 6512 -6704 6784 0
208 -6896 6480 -6848 6480 1024 Muller\sC 0
w -6800 6512 -6800 6976 0
w -7088 5600 -7088 5632 0
w -7088 5632 -7360 5632 0
w -7088 5568 -7376 5568 0
w -6256 6384 -6896 6384 0
w -6896 6480 -6896 6384 0
w -5824 6576 -5776 6576 0
207 -5776 6576 -5648 6576 4 S_Ack_In
207 -5776 6608 -5648 6608 4 S_Out_0
207 -5776 6672 -5648 6672 4 S_Out_1
207 -5776 5856 -5648 5856 4 C_Out_1
207 -5776 5792 -5648 5792 4 C_Out_0
207 -5776 5760 -5648 5760 4 C_Ack_In
207 -7712 5520 -7840 5520 4 Ack_Out
207 -7712 5744 -7840 5744 4 A_In_0
207 -7712 5824 -7840 5824 4 A_In_1
207 -7712 6016 -7840 6016 4 B_In_1
207 -7712 5936 -7840 5936 4 B_In_0
207 -7712 6208 -7840 6208 4 C_In_1
207 -7712 6128 -7840 6128 4 C_In_0
