$ 1 0.000005 21.593987231061412 50 5 50 5e-11
! D\sLatch 0 D,E Q D\sLatch ?1\sQ\qQ\n00\s?\q0\n10\s?\q1\n??\sQ\qQ\n
208 -3664 752 -3616 752 0 D\sLatch 0
L -3696 752 -3808 752 0 0 false 5 0
w -3664 752 -3696 752 0
154 -3568 656 -3664 656 0 2 0 5
w -3664 656 -3664 784 0
w -3568 640 -3360 640 0
M -3696 656 -3808 656 0 2.5
w -3696 656 -3664 656 0
208 -3664 816 -3616 816 0 D\sLatch 0
w -3664 784 -3664 848 0
w -3568 816 -3360 816 0
w -3664 816 -3696 816 0
L -3696 816 -3808 816 0 0 false 5 0
154 -3568 784 -3472 784 0 2 0 5
w -3568 768 -3568 752 0
w -3568 800 -3568 816 0
w -3472 736 -3536 672 0
w -3568 672 -3536 672 0
w -3472 784 -3472 736 0
w -3568 752 -3360 752 0
M -3360 816 -3248 816 0 2.5
L -3360 640 -3248 640 0 0 false 5 0
M -3360 752 -3248 752 0 2.5
